1 поток
0,154983
2,53974
11,855
36,759
100,427
210,789
410
720
1190
1850

2 потока
0,0967101
1,41556
6,37681
19,0374
52,1356
111,767
208
365
600
930

4 потока
0,0707805
0,996186
4,7699
12,0464
31,9608
79,8645
140
245
400
620

8 потоков
0,0489507
0,590008
2,97088
9,34946
24,0397
54,1162
97,9165
175,203
327
545 

12 потоков
0,0592992
0,671163
2,752
8,61896
21,8524
43,283
79,5578
120
210
380


1 поток	2 потока	4 потока	8 потоков
0,154983	0,0967101	0,0707805	0,0489507
2,53974	1,41556	0,996186	0,590008
11,855	6,37681	4,7699	2,97088
36,759	19,0374	12,0464	9,34946
100,427	52,1356	31,9608	24,0397
210,789	111,767	79,8645	54,1162
410	208	140	97,9165
720	365	245	175,203
1190	600	400	327
1850	930	620	545


Householder without matrix multiplications
1 поток
0,0014857
0,0066652
0,022568
0,0631678
0,106889
1,1182
4,92117
21,0609
40,5992
99,9885
196,143
400,319

2 потока
0,0017873
0,0073782
0,0197478
0,0459981
0,0775788
0,596462
2,9467
10,7521
22,2834
53,6512
104,616
211,219

4 потока
0,0020656
0,0055102
0,0163442
0,0371249
0,0595577
0,435711
2,3082
8,48206
15,5626
34,9535
76,4264
130,615

8 потоков
0,0037046
0,0087853
0,0192567
0,0449681
0,0484657
0,493081
2,74045
9,7409
19,7588
39,3139
63,9547
117,753


Householder with normal v in-place
0,0009985
0,0052362
0,0154869
0,0404785
0,0771692
0,638065
2,3033
5,85005
11,9563
20,7962
33,538
50,5261

0,0013736
0,0037789
0,0111397
0,0210383
0,0441611
0,336406
1,44622
3,6097
7,14009
12,5954
20,262
30,5674

0,0008707
0,0068179
0,0175705
0,0347594
0,0791784
0,207814
0,715962
2,28904
5,36341
10,1401
16,9175
25,5782

0,0008992
0,0048728
0,0178644
0,0382309
0,0732486
0,19022
0,850487
2,61277
5,682
10,304
16,898
25,5044


Givens basic version
1 поток
0,0013115
0,0102885
0,0331369
0,0681976
0,126461
1,03255
4,23951
9,38852
18,5025
31,8739
50,2523
75,3927

2 потока
0,0014418
0,0099006
0,0315938
0,0699835
0,141206
1,2479
3,43991
6,88188
12,8855
21,6234
32,7209
47,5205

0,0018704
0,010183
0,0297927
0,0673448
0,12419
1,31274
3,46123
6,75311
11,5488
18,634
27,8612
40,1216

0,0012517
0,011072
0,0314288
0,0786339
0,140472
1,39632
3,64677
7,73706
13,0279
20,1909
31,0032
41,6396

Givens with less memory accesses version
0,0014271
0,0100838
0,0319887
0,0708905
0,141176
1,18734
3,9269
9,11078
17,9521
30,0101
48,9718
73,9241

0,0019271
0,0111735
0,0312217
0,0753714
0,137337
1,02605
3,11906
6,7051
12,9624
21,6059
33,667
50,2122

0,0013663
0,0131471
0,0304893
0,0724032
0,139344
0,91272
2,63769
5,49927
10,0117
16,9055
25,9924
38,1582

0,0013181
0,0099296
0,0318885
0,0764529
0,140105
1,00876
2,55075
5,12232
9,40546
15,6294
24,0062
35,1546

Givens SIMD
0,0004123
0,00258
0,0058212
0,0133668
0,0326057
0,496281
1,60407
3,55704
7,23234
12,8809
20,2517
30,9537

0,0003627
0,0030976
0,0084253
0,0179569
0,0347993
0,468384
1,52236
4,2105
8,03388
13,5418
21,897
32,1914

0,0003778
0,0024723
0,0087256
0,0141667
0,0298509
0,376237
1,63821
3,70391
7,28957
12,4292
20,1862
30,3631

0,0003797
0,0024847
0,007201
0,0146559
0,0288285
0,412436
1,6963
3,66677
7,32413
12,6413
20,7444
31,001
